Time 1
Clients :(6,3,5) (32,4,5) (10,6,2) (16,7,6) (39,9,1) (43,9,2) (18,12,5) (23,12,3) (3,14,6) (21,14,2) (38,14,5) (44,15,5) (4,16,2) (8,16,3) (27,16,1) (14,17,2) (19,17,3) (42,17,5) (2,18,2) (34,19,1) (15,20,4) (25,20,3) (49,20,1) (24,21,5) (26,21,6) (48,21,4) (41,22,1) (35,23,3) (7,26,6) (28,27,3) (45,28,3) (13,29,5) (17,29,1) (1,30,6) (11,30,4) (5,31,2) (12,31,5) (20,31,2) (50,31,4) (33,32,6) (30,33,6) (9,34,6) (29,34,1) (36,34,4) (40,34,3) (22,35,2) (31,35,2) (47,35,2) (37,39,4) (46,39,2) 
Queue 1: 
Queue 2: 
Queue 3: 
Queue 4: 
Queue 5: 

Time 2
Clients :(6,3,5) (32,4,5) (10,6,2) (16,7,6) (39,9,1) (43,9,2) (18,12,5) (23,12,3) (3,14,6) (21,14,2) (38,14,5) (44,15,5) (4,16,2) (8,16,3) (27,16,1) (14,17,2) (19,17,3) (42,17,5) (2,18,2) (34,19,1) (15,20,4) (25,20,3) (49,20,1) (24,21,5) (26,21,6) (48,21,4) (41,22,1) (35,23,3) (7,26,6) (28,27,3) (45,28,3) (13,29,5) (17,29,1) (1,30,6) (11,30,4) (5,31,2) (12,31,5) (20,31,2) (50,31,4) (33,32,6) (30,33,6) (9,34,6) (29,34,1) (36,34,4) (40,34,3) (22,35,2) (31,35,2) (47,35,2) (37,39,4) (46,39,2) 
Queue 1: 
Queue 2: 
Queue 3: 
Queue 4: 
Queue 5: 

Time 3
Clients :(6,3,5) (32,4,5) (10,6,2) (16,7,6) (39,9,1) (43,9,2) (18,12,5) (23,12,3) (3,14,6) (21,14,2) (38,14,5) (44,15,5) (4,16,2) (8,16,3) (27,16,1) (14,17,2) (19,17,3) (42,17,5) (2,18,2) (34,19,1) (15,20,4) (25,20,3) (49,20,1) (24,21,5) (26,21,6) (48,21,4) (41,22,1) (35,23,3) (7,26,6) (28,27,3) (45,28,3) (13,29,5) (17,29,1) (1,30,6) (11,30,4) (5,31,2) (12,31,5) (20,31,2) (50,31,4) (33,32,6) (30,33,6) (9,34,6) (29,34,1) (36,34,4) (40,34,3) (22,35,2) (31,35,2) (47,35,2) (37,39,4) (46,39,2) 
Queue 1: 
Queue 2: 
Queue 3: 
Queue 4: 
Queue 5: 

Time 4
Clients :(32,4,5) (10,6,2) (16,7,6) (39,9,1) (43,9,2) (18,12,5) (23,12,3) (3,14,6) (21,14,2) (38,14,5) (44,15,5) (4,16,2) (8,16,3) (27,16,1) (14,17,2) (19,17,3) (42,17,5) (2,18,2) (34,19,1) (15,20,4) (25,20,3) (49,20,1) (24,21,5) (26,21,6) (48,21,4) (41,22,1) (35,23,3) (7,26,6) (28,27,3) (45,28,3) (13,29,5) (17,29,1) (1,30,6) (11,30,4) (5,31,2) (12,31,5) (20,31,2) (50,31,4) (33,32,6) (30,33,6) (9,34,6) (29,34,1) (36,34,4) (40,34,3) (22,35,2) (31,35,2) (47,35,2) (37,39,4) (46,39,2) 
Queue 1: (6,3,5) 
Queue 2: 
Queue 3: 
Queue 4: 
Queue 5: 

Time 5
Clients :(10,6,2) (16,7,6) (39,9,1) (43,9,2) (18,12,5) (23,12,3) (3,14,6) (21,14,2) (38,14,5) (44,15,5) (4,16,2) (8,16,3) (27,16,1) (14,17,2) (19,17,3) (42,17,5) (2,18,2) (34,19,1) (15,20,4) (25,20,3) (49,20,1) (24,21,5) (26,21,6) (48,21,4) (41,22,1) (35,23,3) (7,26,6) (28,27,3) (45,28,3) (13,29,5) (17,29,1) (1,30,6) (11,30,4) (5,31,2) (12,31,5) (20,31,2) (50,31,4) (33,32,6) (30,33,6) (9,34,6) (29,34,1) (36,34,4) (40,34,3) (22,35,2) (31,35,2) (47,35,2) (37,39,4) (46,39,2) 
Queue 1: (6,3,4) 
Queue 2: (32,4,5) 
Queue 3: 
Queue 4: 
Queue 5: 

Time 6
Clients :(10,6,2) (16,7,6) (39,9,1) (43,9,2) (18,12,5) (23,12,3) (3,14,6) (21,14,2) (38,14,5) (44,15,5) (4,16,2) (8,16,3) (27,16,1) (14,17,2) (19,17,3) (42,17,5) (2,18,2) (34,19,1) (15,20,4) (25,20,3) (49,20,1) (24,21,5) (26,21,6) (48,21,4) (41,22,1) (35,23,3) (7,26,6) (28,27,3) (45,28,3) (13,29,5) (17,29,1) (1,30,6) (11,30,4) (5,31,2) (12,31,5) (20,31,2) (50,31,4) (33,32,6) (30,33,6) (9,34,6) (29,34,1) (36,34,4) (40,34,3) (22,35,2) (31,35,2) (47,35,2) (37,39,4) (46,39,2) 
Queue 1: (6,3,3) 
Queue 2: (32,4,4) 
Queue 3: 
Queue 4: 
Queue 5: 

Time 7
Clients :(16,7,6) (39,9,1) (43,9,2) (18,12,5) (23,12,3) (3,14,6) (21,14,2) (38,14,5) (44,15,5) (4,16,2) (8,16,3) (27,16,1) (14,17,2) (19,17,3) (42,17,5) (2,18,2) (34,19,1) (15,20,4) (25,20,3) (49,20,1) (24,21,5) (26,21,6) (48,21,4) (41,22,1) (35,23,3) (7,26,6) (28,27,3) (45,28,3) (13,29,5) (17,29,1) (1,30,6) (11,30,4) (5,31,2) (12,31,5) (20,31,2) (50,31,4) (33,32,6) (30,33,6) (9,34,6) (29,34,1) (36,34,4) (40,34,3) (22,35,2) (31,35,2) (47,35,2) (37,39,4) (46,39,2) 
Queue 1: (6,3,2) 
Queue 2: (32,4,3) 
Queue 3: (10,6,2) 
Queue 4: 
Queue 5: 

Time 8
Clients :(39,9,1) (43,9,2) (18,12,5) (23,12,3) (3,14,6) (21,14,2) (38,14,5) (44,15,5) (4,16,2) (8,16,3) (27,16,1) (14,17,2) (19,17,3) (42,17,5) (2,18,2) (34,19,1) (15,20,4) (25,20,3) (49,20,1) (24,21,5) (26,21,6) (48,21,4) (41,22,1) (35,23,3) (7,26,6) (28,27,3) (45,28,3) (13,29,5) (17,29,1) (1,30,6) (11,30,4) (5,31,2) (12,31,5) (20,31,2) (50,31,4) (33,32,6) (30,33,6) (9,34,6) (29,34,1) (36,34,4) (40,34,3) (22,35,2) (31,35,2) (47,35,2) (37,39,4) (46,39,2) 
Queue 1: (6,3,1) 
Queue 2: (32,4,2) 
Queue 3: (10,6,1) 
Queue 4: (16,7,6) 
Queue 5: 

Time 9
Clients :(39,9,1) (43,9,2) (18,12,5) (23,12,3) (3,14,6) (21,14,2) (38,14,5) (44,15,5) (4,16,2) (8,16,3) (27,16,1) (14,17,2) (19,17,3) (42,17,5) (2,18,2) (34,19,1) (15,20,4) (25,20,3) (49,20,1) (24,21,5) (26,21,6) (48,21,4) (41,22,1) (35,23,3) (7,26,6) (28,27,3) (45,28,3) (13,29,5) (17,29,1) (1,30,6) (11,30,4) (5,31,2) (12,31,5) (20,31,2) (50,31,4) (33,32,6) (30,33,6) (9,34,6) (29,34,1) (36,34,4) (40,34,3) (22,35,2) (31,35,2) (47,35,2) (37,39,4) (46,39,2) 
Queue 1: 
Queue 2: (32,4,1) 
Queue 3: 
Queue 4: (16,7,5) 
Queue 5: 

Time 10
Clients :(18,12,5) (23,12,3) (3,14,6) (21,14,2) (38,14,5) (44,15,5) (4,16,2) (8,16,3) (27,16,1) (14,17,2) (19,17,3) (42,17,5) (2,18,2) (34,19,1) (15,20,4) (25,20,3) (49,20,1) (24,21,5) (26,21,6) (48,21,4) (41,22,1) (35,23,3) (7,26,6) (28,27,3) (45,28,3) (13,29,5) (17,29,1) (1,30,6) (11,30,4) (5,31,2) (12,31,5) (20,31,2) (50,31,4) (33,32,6) (30,33,6) (9,34,6) (29,34,1) (36,34,4) (40,34,3) (22,35,2) (31,35,2) (47,35,2) (37,39,4) (46,39,2) 
Queue 1: (39,9,1) 
Queue 2: (43,9,2) 
Queue 3: 
Queue 4: (16,7,4) 
Queue 5: 

Time 11
Clients :(18,12,5) (23,12,3) (3,14,6) (21,14,2) (38,14,5) (44,15,5) (4,16,2) (8,16,3) (27,16,1) (14,17,2) (19,17,3) (42,17,5) (2,18,2) (34,19,1) (15,20,4) (25,20,3) (49,20,1) (24,21,5) (26,21,6) (48,21,4) (41,22,1) (35,23,3) (7,26,6) (28,27,3) (45,28,3) (13,29,5) (17,29,1) (1,30,6) (11,30,4) (5,31,2) (12,31,5) (20,31,2) (50,31,4) (33,32,6) (30,33,6) (9,34,6) (29,34,1) (36,34,4) (40,34,3) (22,35,2) (31,35,2) (47,35,2) (37,39,4) (46,39,2) 
Queue 1: 
Queue 2: (43,9,1) 
Queue 3: 
Queue 4: (16,7,3) 
Queue 5: 

Time 12
Clients :(18,12,5) (23,12,3) (3,14,6) (21,14,2) (38,14,5) (44,15,5) (4,16,2) (8,16,3) (27,16,1) (14,17,2) (19,17,3) (42,17,5) (2,18,2) (34,19,1) (15,20,4) (25,20,3) (49,20,1) (24,21,5) (26,21,6) (48,21,4) (41,22,1) (35,23,3) (7,26,6) (28,27,3) (45,28,3) (13,29,5) (17,29,1) (1,30,6) (11,30,4) (5,31,2) (12,31,5) (20,31,2) (50,31,4) (33,32,6) (30,33,6) (9,34,6) (29,34,1) (36,34,4) (40,34,3) (22,35,2) (31,35,2) (47,35,2) (37,39,4) (46,39,2) 
Queue 1: 
Queue 2: 
Queue 3: 
Queue 4: (16,7,2) 
Queue 5: 

Time 13
Clients :(3,14,6) (21,14,2) (38,14,5) (44,15,5) (4,16,2) (8,16,3) (27,16,1) (14,17,2) (19,17,3) (42,17,5) (2,18,2) (34,19,1) (15,20,4) (25,20,3) (49,20,1) (24,21,5) (26,21,6) (48,21,4) (41,22,1) (35,23,3) (7,26,6) (28,27,3) (45,28,3) (13,29,5) (17,29,1) (1,30,6) (11,30,4) (5,31,2) (12,31,5) (20,31,2) (50,31,4) (33,32,6) (30,33,6) (9,34,6) (29,34,1) (36,34,4) (40,34,3) (22,35,2) (31,35,2) (47,35,2) (37,39,4) (46,39,2) 
Queue 1: (18,12,5) 
Queue 2: (23,12,3) 
Queue 3: 
Queue 4: (16,7,1) 
Queue 5: 

Time 14
Clients :(3,14,6) (21,14,2) (38,14,5) (44,15,5) (4,16,2) (8,16,3) (27,16,1) (14,17,2) (19,17,3) (42,17,5) (2,18,2) (34,19,1) (15,20,4) (25,20,3) (49,20,1) (24,21,5) (26,21,6) (48,21,4) (41,22,1) (35,23,3) (7,26,6) (28,27,3) (45,28,3) (13,29,5) (17,29,1) (1,30,6) (11,30,4) (5,31,2) (12,31,5) (20,31,2) (50,31,4) (33,32,6) (30,33,6) (9,34,6) (29,34,1) (36,34,4) (40,34,3) (22,35,2) (31,35,2) (47,35,2) (37,39,4) (46,39,2) 
Queue 1: (18,12,4) 
Queue 2: (23,12,2) 
Queue 3: 
Queue 4: 
Queue 5: 

Time 15
Clients :(44,15,5) (4,16,2) (8,16,3) (27,16,1) (14,17,2) (19,17,3) (42,17,5) (2,18,2) (34,19,1) (15,20,4) (25,20,3) (49,20,1) (24,21,5) (26,21,6) (48,21,4) (41,22,1) (35,23,3) (7,26,6) (28,27,3) (45,28,3) (13,29,5) (17,29,1) (1,30,6) (11,30,4) (5,31,2) (12,31,5) (20,31,2) (50,31,4) (33,32,6) (30,33,6) (9,34,6) (29,34,1) (36,34,4) (40,34,3) (22,35,2) (31,35,2) (47,35,2) (37,39,4) (46,39,2) 
Queue 1: (18,12,3) 
Queue 2: (23,12,1) 
Queue 3: (3,14,6) 
Queue 4: (21,14,2) 
Queue 5: (38,14,5) 

Time 16
Clients :(4,16,2) (8,16,3) (27,16,1) (14,17,2) (19,17,3) (42,17,5) (2,18,2) (34,19,1) (15,20,4) (25,20,3) (49,20,1) (24,21,5) (26,21,6) (48,21,4) (41,22,1) (35,23,3) (7,26,6) (28,27,3) (45,28,3) (13,29,5) (17,29,1) (1,30,6) (11,30,4) (5,31,2) (12,31,5) (20,31,2) (50,31,4) (33,32,6) (30,33,6) (9,34,6) (29,34,1) (36,34,4) (40,34,3) (22,35,2) (31,35,2) (47,35,2) (37,39,4) (46,39,2) 
Queue 1: (18,12,2) 
Queue 2: (44,15,5) 
Queue 3: (3,14,5) 
Queue 4: (21,14,1) 
Queue 5: (38,14,4) 

Time 17
Clients :(14,17,2) (19,17,3) (42,17,5) (2,18,2) (34,19,1) (15,20,4) (25,20,3) (49,20,1) (24,21,5) (26,21,6) (48,21,4) (41,22,1) (35,23,3) (7,26,6) (28,27,3) (45,28,3) (13,29,5) (17,29,1) (1,30,6) (11,30,4) (5,31,2) (12,31,5) (20,31,2) (50,31,4) (33,32,6) (30,33,6) (9,34,6) (29,34,1) (36,34,4) (40,34,3) (22,35,2) (31,35,2) (47,35,2) (37,39,4) (46,39,2) 
Queue 1: (18,12,1) (8,16,3) 
Queue 2: (44,15,4) 
Queue 3: (3,14,4) 
Queue 4: (4,16,2) (27,16,1) 
Queue 5: (38,14,3) 

Time 18
Clients :(2,18,2) (34,19,1) (15,20,4) (25,20,3) (49,20,1) (24,21,5) (26,21,6) (48,21,4) (41,22,1) (35,23,3) (7,26,6) (28,27,3) (45,28,3) (13,29,5) (17,29,1) (1,30,6) (11,30,4) (5,31,2) (12,31,5) (20,31,2) (50,31,4) (33,32,6) (30,33,6) (9,34,6) (29,34,1) (36,34,4) (40,34,3) (22,35,2) (31,35,2) (47,35,2) (37,39,4) (46,39,2) 
Queue 1: (8,16,3) (42,17,5) 
Queue 2: (44,15,3) 
Queue 3: (3,14,3) 
Queue 4: (4,16,1) (27,16,1) (14,17,2) 
Queue 5: (38,14,2) (19,17,3) 

Time 19
Clients :(34,19,1) (15,20,4) (25,20,3) (49,20,1) (24,21,5) (26,21,6) (48,21,4) (41,22,1) (35,23,3) (7,26,6) (28,27,3) (45,28,3) (13,29,5) (17,29,1) (1,30,6) (11,30,4) (5,31,2) (12,31,5) (20,31,2) (50,31,4) (33,32,6) (30,33,6) (9,34,6) (29,34,1) (36,34,4) (40,34,3) (22,35,2) (31,35,2) (47,35,2) (37,39,4) (46,39,2) 
Queue 1: (8,16,2) (42,17,5) 
Queue 2: (44,15,2) (2,18,2) 
Queue 3: (3,14,2) 
Queue 4: (27,16,1) (14,17,2) 
Queue 5: (38,14,1) (19,17,3) 

Time 20
Clients :(15,20,4) (25,20,3) (49,20,1) (24,21,5) (26,21,6) (48,21,4) (41,22,1) (35,23,3) (7,26,6) (28,27,3) (45,28,3) (13,29,5) (17,29,1) (1,30,6) (11,30,4) (5,31,2) (12,31,5) (20,31,2) (50,31,4) (33,32,6) (30,33,6) (9,34,6) (29,34,1) (36,34,4) (40,34,3) (22,35,2) (31,35,2) (47,35,2) (37,39,4) (46,39,2) 
Queue 1: (8,16,1) (42,17,5) 
Queue 2: (44,15,1) (2,18,2) 
Queue 3: (3,14,1) (34,19,1) 
Queue 4: (14,17,2) 
Queue 5: (19,17,3) 

Time 21
Clients :(24,21,5) (26,21,6) (48,21,4) (41,22,1) (35,23,3) (7,26,6) (28,27,3) (45,28,3) (13,29,5) (17,29,1) (1,30,6) (11,30,4) (5,31,2) (12,31,5) (20,31,2) (50,31,4) (33,32,6) (30,33,6) (9,34,6) (29,34,1) (36,34,4) (40,34,3) (22,35,2) (31,35,2) (47,35,2) (37,39,4) (46,39,2) 
Queue 1: (42,17,5) 
Queue 2: (2,18,2) (49,20,1) 
Queue 3: (34,19,1) (15,20,4) 
Queue 4: (14,17,1) (25,20,3) 
Queue 5: (19,17,2) 

Time 22
Clients :(41,22,1) (35,23,3) (7,26,6) (28,27,3) (45,28,3) (13,29,5) (17,29,1) (1,30,6) (11,30,4) (5,31,2) (12,31,5) (20,31,2) (50,31,4) (33,32,6) (30,33,6) (9,34,6) (29,34,1) (36,34,4) (40,34,3) (22,35,2) (31,35,2) (47,35,2) (37,39,4) (46,39,2) 
Queue 1: (42,17,4) 
Queue 2: (2,18,1) (49,20,1) (26,21,6) 
Queue 3: (15,20,4) 
Queue 4: (25,20,3) (48,21,4) 
Queue 5: (19,17,1) (24,21,5) 

Time 23
Clients :(35,23,3) (7,26,6) (28,27,3) (45,28,3) (13,29,5) (17,29,1) (1,30,6) (11,30,4) (5,31,2) (12,31,5) (20,31,2) (50,31,4) (33,32,6) (30,33,6) (9,34,6) (29,34,1) (36,34,4) (40,34,3) (22,35,2) (31,35,2) (47,35,2) (37,39,4) (46,39,2) 
Queue 1: (42,17,3) (41,22,1) 
Queue 2: (49,20,1) (26,21,6) 
Queue 3: (15,20,3) 
Queue 4: (25,20,2) (48,21,4) 
Queue 5: (24,21,5) 

Time 24
Clients :(7,26,6) (28,27,3) (45,28,3) (13,29,5) (17,29,1) (1,30,6) (11,30,4) (5,31,2) (12,31,5) (20,31,2) (50,31,4) (33,32,6) (30,33,6) (9,34,6) (29,34,1) (36,34,4) (40,34,3) (22,35,2) (31,35,2) (47,35,2) (37,39,4) (46,39,2) 
Queue 1: (42,17,2) (41,22,1) 
Queue 2: (26,21,6) 
Queue 3: (15,20,2) (35,23,3) 
Queue 4: (25,20,1) (48,21,4) 
Queue 5: (24,21,4) 

Time 25
Clients :(7,26,6) (28,27,3) (45,28,3) (13,29,5) (17,29,1) (1,30,6) (11,30,4) (5,31,2) (12,31,5) (20,31,2) (50,31,4) (33,32,6) (30,33,6) (9,34,6) (29,34,1) (36,34,4) (40,34,3) (22,35,2) (31,35,2) (47,35,2) (37,39,4) (46,39,2) 
Queue 1: (42,17,1) (41,22,1) 
Queue 2: (26,21,5) 
Queue 3: (15,20,1) (35,23,3) 
Queue 4: (48,21,4) 
Queue 5: (24,21,3) 

Time 26
Clients :(7,26,6) (28,27,3) (45,28,3) (13,29,5) (17,29,1) (1,30,6) (11,30,4) (5,31,2) (12,31,5) (20,31,2) (50,31,4) (33,32,6) (30,33,6) (9,34,6) (29,34,1) (36,34,4) (40,34,3) (22,35,2) (31,35,2) (47,35,2) (37,39,4) (46,39,2) 
Queue 1: (41,22,1) 
Queue 2: (26,21,4) 
Queue 3: (35,23,3) 
Queue 4: (48,21,3) 
Queue 5: (24,21,2) 

Time 27
Clients :(28,27,3) (45,28,3) (13,29,5) (17,29,1) (1,30,6) (11,30,4) (5,31,2) (12,31,5) (20,31,2) (50,31,4) (33,32,6) (30,33,6) (9,34,6) (29,34,1) (36,34,4) (40,34,3) (22,35,2) (31,35,2) (47,35,2) (37,39,4) (46,39,2) 
Queue 1: (7,26,6) 
Queue 2: (26,21,3) 
Queue 3: (35,23,2) 
Queue 4: (48,21,2) 
Queue 5: (24,21,1) 

Time 28
Clients :(45,28,3) (13,29,5) (17,29,1) (1,30,6) (11,30,4) (5,31,2) (12,31,5) (20,31,2) (50,31,4) (33,32,6) (30,33,6) (9,34,6) (29,34,1) (36,34,4) (40,34,3) (22,35,2) (31,35,2) (47,35,2) (37,39,4) (46,39,2) 
Queue 1: (7,26,5) 
Queue 2: (26,21,2) 
Queue 3: (35,23,1) 
Queue 4: (48,21,1) 
Queue 5: (28,27,3) 

Time 29
Clients :(13,29,5) (17,29,1) (1,30,6) (11,30,4) (5,31,2) (12,31,5) (20,31,2) (50,31,4) (33,32,6) (30,33,6) (9,34,6) (29,34,1) (36,34,4) (40,34,3) (22,35,2) (31,35,2) (47,35,2) (37,39,4) (46,39,2) 
Queue 1: (7,26,4) 
Queue 2: (26,21,1) 
Queue 3: (45,28,3) 
Queue 4: 
Queue 5: (28,27,2) 

Time 30
Clients :(1,30,6) (11,30,4) (5,31,2) (12,31,5) (20,31,2) (50,31,4) (33,32,6) (30,33,6) (9,34,6) (29,34,1) (36,34,4) (40,34,3) (22,35,2) (31,35,2) (47,35,2) (37,39,4) (46,39,2) 
Queue 1: (7,26,3) 
Queue 2: (13,29,5) 
Queue 3: (45,28,2) 
Queue 4: (17,29,1) 
Queue 5: (28,27,1) 

Time 31
Clients :(5,31,2) (12,31,5) (20,31,2) (50,31,4) (33,32,6) (30,33,6) (9,34,6) (29,34,1) (36,34,4) (40,34,3) (22,35,2) (31,35,2) (47,35,2) (37,39,4) (46,39,2) 
Queue 1: (7,26,2) 
Queue 2: (13,29,4) 
Queue 3: (45,28,1) 
Queue 4: (1,30,6) 
Queue 5: (11,30,4) 

Time 32
Clients :(33,32,6) (30,33,6) (9,34,6) (29,34,1) (36,34,4) (40,34,3) (22,35,2) (31,35,2) (47,35,2) (37,39,4) (46,39,2) 
Queue 1: (7,26,1) (12,31,5) 
Queue 2: (13,29,3) (50,31,4) 
Queue 3: (5,31,2) (20,31,2) 
Queue 4: (1,30,5) 
Queue 5: (11,30,3) 

Time 33
Clients :(30,33,6) (9,34,6) (29,34,1) (36,34,4) (40,34,3) (22,35,2) (31,35,2) (47,35,2) (37,39,4) (46,39,2) 
Queue 1: (12,31,5) 
Queue 2: (13,29,2) (50,31,4) 
Queue 3: (5,31,1) (20,31,2) 
Queue 4: (1,30,4) 
Queue 5: (11,30,2) (33,32,6) 

Time 34
Clients :(9,34,6) (29,34,1) (36,34,4) (40,34,3) (22,35,2) (31,35,2) (47,35,2) (37,39,4) (46,39,2) 
Queue 1: (12,31,4) 
Queue 2: (13,29,1) (50,31,4) 
Queue 3: (20,31,2) (30,33,6) 
Queue 4: (1,30,3) 
Queue 5: (11,30,1) (33,32,6) 

Time 35
Clients :(22,35,2) (31,35,2) (47,35,2) (37,39,4) (46,39,2) 
Queue 1: (12,31,3) (29,34,1) (36,34,4) 
Queue 2: (50,31,4) (40,34,3) 
Queue 3: (20,31,1) (30,33,6) 
Queue 4: (1,30,2) (9,34,6) 
Queue 5: (33,32,6) 

Time 36
Clients :(37,39,4) (46,39,2) 
Queue 1: (12,31,2) (29,34,1) (36,34,4) 
Queue 2: (50,31,3) (40,34,3) (31,35,2) 
Queue 3: (30,33,6) (47,35,2) 
Queue 4: (1,30,1) (9,34,6) 
Queue 5: (33,32,5) (22,35,2) 

Time 37
Clients :(37,39,4) (46,39,2) 
Queue 1: (12,31,1) (29,34,1) (36,34,4) 
Queue 2: (50,31,2) (40,34,3) (31,35,2) 
Queue 3: (30,33,5) (47,35,2) 
Queue 4: (9,34,6) 
Queue 5: (33,32,4) (22,35,2) 

Time 38
Clients :(37,39,4) (46,39,2) 
Queue 1: (29,34,1) (36,34,4) 
Queue 2: (50,31,1) (40,34,3) (31,35,2) 
Queue 3: (30,33,4) (47,35,2) 
Queue 4: (9,34,5) 
Queue 5: (33,32,3) (22,35,2) 

Time 39
Clients :(37,39,4) (46,39,2) 
Queue 1: (36,34,4) 
Queue 2: (40,34,3) (31,35,2) 
Queue 3: (30,33,3) (47,35,2) 
Queue 4: (9,34,4) 
Queue 5: (33,32,2) (22,35,2) 

Time 40
Clients :
Queue 1: (36,34,3) (37,39,4) 
Queue 2: (40,34,2) (31,35,2) 
Queue 3: (30,33,2) (47,35,2) 
Queue 4: (9,34,3) (46,39,2) 
Queue 5: (33,32,1) (22,35,2) 

Time 41
Clients :
Queue 1: (36,34,2) (37,39,4) 
Queue 2: (40,34,1) (31,35,2) 
Queue 3: (30,33,1) (47,35,2) 
Queue 4: (9,34,2) (46,39,2) 
Queue 5: (22,35,2) 

Time 42
Clients :
Queue 1: (36,34,1) (37,39,4) 
Queue 2: (31,35,2) 
Queue 3: (47,35,2) 
Queue 4: (9,34,1) (46,39,2) 
Queue 5: (22,35,1) 

Time 43
Clients :
Queue 1: (37,39,4) 
Queue 2: (31,35,1) 
Queue 3: (47,35,1) 
Queue 4: (46,39,2) 
Queue 5: 

Time 44
Clients :
Queue 1: (37,39,3) 
Queue 2: 
Queue 3: 
Queue 4: (46,39,1) 
Queue 5: 

Time 45
Clients :
Queue 1: (37,39,2) 
Queue 2: 
Queue 3: 
Queue 4: 
Queue 5: 

Time 46
Clients :
Queue 1: (37,39,1) 
Queue 2: 
Queue 3: 
Queue 4: 
Queue 5: 

Time 47
Clients :
Queue 1: 
Queue 2: 
Queue 3: 
Queue 4: 
Queue 5: 

Time 48
Clients :
Queue 1: 
Queue 2: 
Queue 3: 
Queue 4: 
Queue 5: 

Time 49
Clients :
Queue 1: 
Queue 2: 
Queue 3: 
Queue 4: 
Queue 5: 

Time 50
Clients :
Queue 1: 
Queue 2: 
Queue 3: 
Queue 4: 
Queue 5: 

Time 51
Clients :
Queue 1: 
Queue 2: 
Queue 3: 
Queue 4: 
Queue 5: 

Time 52
Clients :
Queue 1: 
Queue 2: 
Queue 3: 
Queue 4: 
Queue 5: 

Time 53
Clients :
Queue 1: 
Queue 2: 
Queue 3: 
Queue 4: 
Queue 5: 

Time 54
Clients :
Queue 1: 
Queue 2: 
Queue 3: 
Queue 4: 
Queue 5: 

Time 55
Clients :
Queue 1: 
Queue 2: 
Queue 3: 
Queue 4: 
Queue 5: 

Time 56
Clients :
Queue 1: 
Queue 2: 
Queue 3: 
Queue 4: 
Queue 5: 

Time 57
Clients :
Queue 1: 
Queue 2: 
Queue 3: 
Queue 4: 
Queue 5: 

Time 58
Clients :
Queue 1: 
Queue 2: 
Queue 3: 
Queue 4: 
Queue 5: 

Time 59
Clients :
Queue 1: 
Queue 2: 
Queue 3: 
Queue 4: 
Queue 5: 

Time 60
Clients :
Queue 1: 
Queue 2: 
Queue 3: 
Queue 4: 
Queue 5: 

